    -0.3109     0.0000     0.0000     0.0000     0.0000     0.0000     0.3109     0.0000     0.0000     0.0000     0.0000     0.0000     0.0000     0.0000     0.0000     0.0000
     0.0000    -0.3109     0.0000     0.0000     0.0000     0.0000     0.3109     0.0000     0.0000     0.0000     0.0000     0.0000     0.0000     0.0000     0.0000     0.0000
     0.0000     0.0000    -0.5872     0.0000     0.0000     0.0000     0.0000     0.0000     0.0000     0.0737     0.0000     0.0000     0.0000     0.5135     0.0000     0.0000
     0.0000     0.0000     0.0000    -0.0302     0.0000     0.0000     0.0000     0.0000     0.0000     0.0000     0.0000     0.0000     0.0302     0.0000     0.0000     0.0000
     0.0000     0.0000     0.0000     0.0000    -0.0766     0.0000     0.0766     0.0000     0.0000     0.0000     0.0000     0.0000     0.0000     0.0000     0.0000     0.0000
     0.0000     0.0000     0.0000     0.0000     0.0000    -0.1797     0.0000     0.0000     0.0832     0.0000     0.0000     0.0000     0.0965     0.0000     0.0000     0.0000
     0.3109     0.3109     0.0000     0.0000     0.0766     0.0000    -0.9776     0.0000     0.0000     0.0000     0.0000     0.0305     0.0000     0.2068     0.0000     0.0419
     0.0000     0.0000     0.0000     0.0000     0.0000     0.0000     0.0000    -0.5859     0.1555     0.4054     0.0000     0.0000     0.0000     0.0000     0.0250     0.0000
     0.0000     0.0000     0.0000     0.0000     0.0000     0.0832     0.0000     0.1555    -0.2387     0.0000     0.0000     0.0000     0.0000     0.0000     0.0000     0.0000
     0.0000     0.0000     0.0737     0.0000     0.0000     0.0000     0.0000     0.4054     0.0000    -0.5355     0.0564     0.0000     0.0000     0.0000     0.0000     0.0000
     0.0000     0.0000     0.0000     0.0000     0.0000     0.0000     0.0000     0.0000     0.0000     0.0564    -0.1065     0.0000     0.0501     0.0000     0.0000     0.0000
     0.0000     0.0000     0.0000     0.0000     0.0000     0.0000     0.0305     0.0000     0.0000     0.0000     0.0000    -0.0305     0.0000     0.0000     0.0000     0.0000
     0.0000     0.0000     0.0000     0.0302     0.0000     0.0965     0.0000     0.0000     0.0000     0.0000     0.0501     0.0000    -0.1768     0.0000     0.0000     0.0000
     0.0000     0.0000     0.5135     0.0000     0.0000     0.0000     0.2068     0.0000     0.0000     0.0000     0.0000     0.0000     0.0000    -0.7203     0.0000     0.0000
     0.0000     0.0000     0.0000     0.0000     0.0000     0.0000     0.0000     0.0250     0.0000     0.0000     0.0000     0.0000     0.0000     0.0000    -0.0250     0.0000
     0.0000     0.0000     0.0000     0.0000     0.0000     0.0000     0.0419     0.0000     0.0000     0.0000     0.0000     0.0000     0.0000     0.0000     0.0000    -0.0419
